13.72579   0  38  10    0        525        1
17.15373   1  55  11    0        259        1
13.62992   1  45  12    0        192        0
13.03998   1  41  11    0        211        1
13.19510   1  42  10    0        395        1
16.43010   0  38  12    0        551        1
13.70037   1  39  13    0        287        1
14.88369   1  51  12    0        735        1
15.18610   1  39  12    1         52        1
13.35616   1  26  13    1         69        1
16.68140   0  55  12    0       1087        0
14.84447   1  45  12    0        639        1
14.74440   0  35  12    0        187        1
12.95475   1  35  13    0        361        1
12.78501   1  36  11    1         98        1
11.99647   1  40  12    1         93        1
15.31097   0  38  12    0        204        1
15.66062   0  49  12    0        956        1
16.11790   0  54  11    0        786        0
13.97827   1  34  12    1        156        1
15.57853   1  51  13    0       1127        1
18.60458   1  58  12    0        361        1
11.57511   0  23  14    0        256        1
13.87547   1  36  14    0        503        1
13.84158   1  40  14    1        120        1
15.45586   0  45  12    1        139        1
14.30736   1  51  12    1        160        1
13.86900   1  47  16    0        235        1
13.51165   0  38  16    0        832        1
13.14696   1  34  12    1         57        1
14.93609   0  54  14    0        409        0
17.25606   0  51  12    0        753        0
15.30815   0  45  12    0        388        1
17.68904   0  46  11    0        387        1
15.62740   1  61  12    0       1202        0
13.44360   1  57  19    0        523        1
17.80734   1  57  12    0       1875        0
15.49856   1  48  11    0        239        0
14.58315   0  50  12    0        874        1
14.93830   1  49  12    1        130        0
16.28473   1  61  11    1        136        0
16.17257   0  43  12    0        417        1
14.12578   1  46  12    1        139        1
12.63820   1  44  12    0        373        1
12.50055   0  38  12    0        369        1
14.87280   0  51  11    0        857        0
14.53334   1  43  11    0        276        1
13.27606   1  51  11    0        880        0
15.13130   1  46  12    0        412        0
15.73710   1  40  12    1        165        1
13.99119   1  46  14    0        275        1
14.52714   1  52  12    1         67        1
13.46428   1  46  12    0        190        1
15.83554   0  52  16    0        342        1
13.79968   1  52  12    0        786        0
13.29572   1  39  12    0        367        1
12.69594   1  39  14    0        368        0
13.85544   0  40  12    0        288        1
15.36810   0  44  13    0        460        1
14.19949   1  36  12    1        119        1
16.37447   1  62  12    1         95        1
12.98438   1  39  13    1        108        1
15.82127   1  45  14    0        230        1
15.26189   0  50  13    0        702        1
13.03093   1  37  14    1        130        1
15.32942   1  53  13    0       1000        1
14.71300   1  39  12    1        107        1
12.22148   1  50  13    0       1932        1
17.10563   1  51  12    0        477        1
14.75017   0  57  14    0        481        0
14.47421   0  54   9    0       1921        1
17.05577   0  51  13    0        487        0
14.72360   1  46  12    0        258        1
16.15971   1  53  12    0        335        1
13.95993   1  59  12    0        332        1
16.02026   1  63  14    0        613        1
13.56158   1  52  12    0        343        1
12.56359   0  56  12    0       1141        1
13.59070   1  39  12    0        657        1
15.76607   1  47  12    0        328        1
14.57879   1  48  12    0        237        1
14.46354   0  57  11    0       5223        0
14.51762   1  60  12    0       1752        1
12.81200   1  39  12    0        428        1
15.56208   0  45  12    0        746        1
14.74113   0  35  12    0        619        1
15.06407   1  57  12    0       1121        1
13.23309   1  38  14    0        414        1
13.44992   0  42  12    1         94        1
13.86665   1  49  12    0        880        1
14.86811   1  49  12    0        483        0
16.60095   1  59  14    0        891        0
15.37006   1  49  12    0        237        1
14.00811   0  38  12    1        176        1
14.21809   1  35  10    1        104        1
16.40679   0  45  12    0       1095        1
14.02560   1  51  16    1        164        1
14.59879   1  49  12    0        647        0
13.77143   0  43  12    0        500        1
14.06336   1  40  14    0        342        1
15.57080   0  56  12    0        554        1
15.85404   0  44  12    0        697        1
15.68077   0  45  15    0        832        1
13.90300   0  49  13    0        446        1
14.29359   0  44  12    0        270        0
14.61247   1  58  12    0        642        0
15.35375   1  50  12    0        263        1
15.44465   1  52  11    0        434        1
14.76719   1  34  12    0        240        0
15.38803   0  40  12    1         93        1
14.77781   0  42  12    0        458        0
14.17322   1  36   9    0        313        1
15.27180   1  58  12    0        611        1
12.40133   1  47  11    0        318        0
14.09563   1  34  12    1        105        1
12.16695   1  40  13    1        143        1
16.05602   0  47  12    0        425        1
16.55228   0  40   8    0        227        1
14.37988   0  51  13    0        944        1
14.58960   1  44  11    1        125        1
15.67150   1  49  10    0        398        1
14.14632   1  35  12    1         74        1
15.92584   0  48  11    0        462        0
16.10630   1  44  12    0        348        0
14.03977   1  59  13    0        273        1
15.75506   0  44  13    0        713        1
14.50842   0  43  12    1        134        1
16.99857   0  41  12    0       1055        1
16.26813   0  50  12    0        999        1
13.27062   1  42  12    1        150        0
12.27156   1  37  12    0        186        1
16.73322   0  48  13    1        147        1
15.51182   1  57  14    0        977        0
15.65671   1  64  10    0        390        1
14.70725   1  47  12    0        518        1
13.32553   1  31  12    1        140        1
14.10969   1  47  12    0        329        1
17.24138   0  47  12    0        485        0
15.88981   0  43  12    0        224        1
17.32903   1  46  12    0        302        1
15.62848   0  43  12    0        560        1
17.50460   0  47  12    1        128        1
14.30378   1  40  12    0        232        1
13.64356   1  42  12    0        612        1
15.09812   1  58  13    0        906        1
13.83644   1  52  12    0        362        1
13.07551   1  38  15    0        270        1
14.89742   1  46  12    0        422        1
12.82718   1  41  17    1         59        1
14.64158   1  50  12    0       1030        1
13.75358   1  50  12    1         74        1
15.99417   0  44  13    0        638        0
12.64690   1  38  15    1         62        1
12.17254   1  38  12    1        182        0
15.81358   0  42  12    0        470        1
16.52167   1  47  12    0        563        1
14.84243   0  38  12    0        349        0
18.22764   0  57  14    0        610        1
16.51188   0  48  13    0        612        1
16.11706   1  55  13    0        398        1
14.10094   1  41  12    0        464        1
16.76625   1  53  12    1         79        1
13.05681   1  40  12    1        172        1
14.33875   0  43  12    0        303        0
16.83478   1  60  11    0        715        0
15.29169   0  48  12    0        550        1
16.08430   1  56  12    0        534        0
11.48162   1  42  12    0        359        1
14.37655   0  42  13    0        738        1
15.48990   0  50  12    0        542        1
14.99603   1  53  12    0        267        1
12.84017   0  46  12    1        162        1
16.72410   0  58  11    1         89        0
15.95574   1  45  10    0        209        1
14.29580   1  42  12    0        239        1
15.91646   0  39  13    0        267        1
12.78324   0  41  12    0        208        0
13.54188   1  45  12    0        509        1
13.54540   1  51  11    0        340        1
14.70596   0  47  12    0        273        0
13.99746   1  41  12    1        105        1
13.38288   0  31   9    0        208        1
16.25818   1  49  12    0        465        1
16.21604   1  52  12    0        457        1
15.37240   1  50  12    0        413        1
15.57957   0  52  11    0        501        1
14.47022   0  40  12    1        163        1
13.01391   1  50  11    1        178        1
16.13682   1  55  12    0        334        0
14.18583   0  37  13    0        311        0
12.03626   1  48   9    1         88        1
15.00990   0  52  12    0        234        0
14.46212   0  50  12    0        686        1
15.18663   1  50  12    0        357        1
17.33138   1  56  12    0        370        1
19.13368   0  60  12    0        896        1
14.97697   1  39  12    0        257        1
15.73927   1  51  12    0        369        1
14.99105   0  35  12    0        477        1
15.72030   0  41  12    0        460        1
16.67342   1  52  12    1        166        1
14.41447   1  58  12    0        520        1
12.96927   1  35  13    0        402        1
15.87690   0  48  12    0        848        0
16.00190   0  51  12    0        884        1
12.42310   1  48  12    0        658        0
12.22839   1  37  12    1        157        1
14.78884   1  49  12    0        293        1
13.13045   1  53  10    0        427        1
12.25546   1  37  14    0        239        1
13.42169   1  34  12    1        180        1
16.93440   0  56  12    1         99        0
13.65431   1  44  12    0        588        1
13.14525   1  42  11    1        144        1
14.57509   0  43  11    0        501        0
13.33259   0  34  11    1        161        1
16.16299   0  44  12    1         44        0
12.82783   1  34  11    0        233        1
16.59358   0  48  12    0        256        1
16.60279   1  57  12    0        193        0
15.82119   1  46  13    0        421        1
14.07155   1  43  13    1        104        1
14.39915   1  48  12    0        196        1
15.78854   1  52  12    0        946        0
12.69892   1  39  12    0        196        1
15.25129   1  51  12    1         85        1
11.43785   1  34  16    1        128        1
14.53724   1  49  12    0        667        1
12.49550   1  44  12    0        215        1
14.89052   0  53  12    0       1328        1
14.20914   1  44  12    1         64        0
12.73625   1  47  12    0        216        1
13.92935   1  42  13    0        723        1
14.14366   1  45  12    1        100        1
15.28606   1  43  12    0        539        1
14.23833   1  49  14    0        603        1
16.73124   0  36  12    0        260        1
13.95808   0  35  12    1        126        1
16.20634   1  47  12    0        259        0
13.45774   0  41  10    0        367        1
13.95080   1  50  14    1        111        0
13.66827   1  40  13    1        168        1
16.31308   0  41  10    0        226        1
17.00360   1  59  12    0        848        1
12.94745   1  43  15    0        196        0
13.41374   1  46  13    0        389        1
12.94574   1  40  12    1         75        1
15.54595   1  52  12    1        168        1
13.64884   0  48  12    0       1054        1
14.98269   0  51  12    0        625        1
11.33817   1  37  14    1        141        1
18.07135   1  50  12    0        678        0
16.63427   0  52  11    0        304        1
12.41050   0  39  12    0        481        1
17.01016   0  39  12    0        289        1
15.14080   0  40  12    0        358        1
16.86578   0  56  14    1        122        1
15.21561   1  44  12    0        273        1
14.49000   1  61  12    0       1658        0
15.92625   0  45  12    0        509        1
18.35583   0  57  12    0        314        1
13.88080   1  46  12    0        243        1
18.77037   0  48  11    0        329        1
11.59054   0  34  12    0        461        1
12.40839   1  40  12    1         58        1
15.44091   1  54  12    0        338        0
14.79532   0  47  12    0        574        1
14.63626   1  42  10    0        291        1
14.91504   1  42   9    0        207        1
15.58352   1  58  12    0        211        0
16.41907   0  49  12    0        232        0
16.47263   0  49  12    0        196        0
13.52035   1  35  12    1         51        1
15.47954   1  54  12    0       1736        1
13.68250   1  48  12    0        322        1
13.24671   1  42  12    1         88        1
15.00070   1  45  12    0        451        1
16.92420   0  50  12    1         72        1
12.19510   1  36  11    0        228        0
13.83627   1  44  12    0        362        1
17.12926   1  63  12    0       1072        1
14.26899   1  38  12    1         54        1
14.94548   1  46  12    1        119        1
14.63569   0  37  12    0        676        0
15.18789   0  53  12    1        124        0
13.91650   1  46  12    0        257        1
14.59413   0  44  15    0        482        0
12.49139   1  42  14    1        170        1
12.10079   1  40  12    0        296        1
15.11177   1  49  12    0        596        1
14.20871   0  55  13    0       1582        1
14.08108   0  45  14    0        460        1
14.07077   1  57  12    0       3066        1
13.16793   0  34  12    0        259        1
14.37468   1  51  12    0        415        1
14.23090   1  42   9    1        105        1
14.11737   1  37  13    1        154        1
14.58856   1  45  13    0        189        1
14.77541   1  53  14    0        575        1
13.85156   0  51  12    0        351        0
14.08305   1  39  12    1        133        1
15.47438   0  52  12    0        677        1
14.45037   1  39  12    1         94        1
14.86670   1  41  12    0        264        1
14.77269   0  48  12    0       1137        1
15.74956   1  51  11    0        558        1
14.18702   1  45  12    0        281        1
16.89178   1  57  15    0        748        1
16.92696   1  60  12    0       1665        1
14.99240   0  35  12    0        694        1
13.92230   0  39  12    0        394        1
15.32840   1  44  12    0        342        1
12.36476   1  36  12    1        117        1
13.96733   0  40  15    0        418        1
16.31950   1  54  12    0        997        1
12.96068   0  36  10    1        140        1
12.74544   1  47  14    0        298        1
14.29827   1  40  14    1        179        1
14.32223   1  46  12    0        348        1
14.41806   1  50  12    0        232        1
14.22107   1  44  12    1         65        1
15.06368   0  46  12    0        479        0
15.49526   1  45  12    0        223        0
15.58264   1  57  12    0        679        1
10.48833   1  40  12    0        594        1
16.63906   1  47  11    0        215        1
17.03969   0  50  13    0        288        1
15.69330   0  40  10    0        421        1
11.25019   1  37  12    1        176        1
15.91288   0  52  13    1        168        0
16.05770   0  53  12    1         79        1
14.12492   0  36  12    0        390        1
13.32328   1  36  10    1        155        1
15.29968   1  54  10    0        287        1
12.98840   1  36  12    1        133        1
17.14100   1  55  13    0       2230        1
13.43196   1  45  13    0        313        1
14.63239   0  38  11    0        222        1
16.59231   1  55  12    1        142        1
15.25630   1  45  14    0        369        1
15.77650   0  47  10    0       1132        1
14.52632   1  63  12    0       1693        1
14.40146   1  42  12    0        233        0
14.85849   0  43  12    0        601        1
16.31544   1  65  12    0       1267        0
14.92723   1  50  13    0        406        1
14.39454   1  51  12    0        377        1
15.58223   0  44  12    0        326        1
14.59061   0  42  12    0        273        1
15.18168   1  42  12    0        224        1
15.40528   0  41 12.0    1         64        0
12.99359   0  34  8.0    1         72        1
14.49419   1  57 16.0    0        206        0
13.22729   1  32 12.0    1        180        1
15.22389   1  46 10.0    0        313        1
14.66234   0  40 13.0    0        525        1
14.09420   1  54 12.0    0        399        0
16.17585   1  49 12.0    1        160        1
15.72684   1  47 12.0    0        434        0
13.36870   1  45 12.0    0       1042        1
14.44536   0  43 14.0    0        335        1
14.46173   1  52 12.0    0        504        1
15.72244   0  57 12.0    0        361        0
13.44197   0  41 11.0    0        808        1
14.40503   1  49 12.0    0        813        1
13.79164   1  51 16.0    0        450        1
16.58980   0  54 12.0    0       1149        0
15.39805   1  51 12.0    0        484        1
16.44433   1  52 12.0    0        303        0
16.58183   0  43 12.0    1        137        1
13.72442   0  41  9.0    0        214        0
13.96554   1  46 12.0    1        180        1
13.23865   1  34 12.0    0        210        1
16.78022   0  43 10.0    1        162        1
12.19964   0  40 12.0    1        138        1
15.31401   0  40 13.5    0        421        0
16.83194   0  49 12.0    0        212        0
13.85233   0  34 12.0    0        740        1
14.05105   1  48 10.5    0        300        1
12.69686   0  42 12.0    0        431        0
13.62887   1  38 12.0    1        177        0
13.29890   1  37 12.0    1        176        1
14.84785   0  40 12.0    0        394        0
14.88081   1  34 12.0    0        215        1
13.11840   1  43 12.0    0        320        1
14.42577   0  40 12.0    0        494        1
11.66222   0  34 13.0    0        241        1
14.73322   1  55 12.0    0        392        1
11.72404   0  34 11.0    0        385        1
14.15227   1  40 12.5    0        219        1
14.38614   0  40 12.0    0        233        1
14.62685   0  49 12.0    0        609        1
14.07762   0  44 12.0    0        592        1
14.43290   0  34 12.0    1         46        1
17.37703   1  58 12.0    1         58        1
14.80849   1  44 11.0    1        103        1
11.93523   0  34 11.0    0        224        1
14.64726   0  37 15.0    0        335        1
14.02097   0  44 12.0    0        205        1
14.05412   1  47 12.0    0        787        0
16.12987   0  48 12.5    0        564        1
16.55659   0  53 12.5    0        272        1
13.60366   1  38 12.3    1         40        1
12.83157   1  38 12.0    0        366        1
15.57440   1  46 12.0    1        162        0
16.54381   0  43 12.0    0        219        1
14.36412   1  50 12.0    0        684        1
12.68087   1  40 16.0    0        353        1
15.78343   0  38 10.0    0        261        1
14.31925   1  54 13.0    1        126        1
16.81317   0  46 12.0    0        610        1
16.62920   1  63 14.0    0       1545        1
12.62517   0  45 12.0    0        345        1
12.68297   0  39 12.0    0        239        1
14.60651   1  48 12.0    0        196        1
15.02203   0  44 13.0    1        158        1
14.71206   0  40 12.0    0        555        1
16.65447   0  42 12.0    1        180        1
13.09270   1  35 12.0    0        440        1
17.31136   0  54 12.5    0       1540        1
13.67924   1  48 12.0    0        455        1
15.95679   0  46 12.0    0        264        1
15.48884   1  60 10.0    1         70        0
14.00948   1  46 12.0    0        400        1
15.95982   0  46 12.0    0        634        1
12.70152   1  39 12.0    0        194        1
16.14847   1  51 12.0    0        186        1
13.91235   1  44 12.5    0        224        1
13.63086   1  37 12.0    1         88        1
16.78202   0  61 12.0    0        248        0
13.57054   0  40 12.0    1        162        1
15.68986   1  57 12.0    0        232        0
15.70258   0  52 12.0    0        522        1
14.80289   1  54 12.0    0        282        1
13.92630   1  43 12.0    0        323        1
17.67957   0  48 12.0    0        605        1
14.75757   1  56 12.0    0        289        1
14.97201   1  42 12.0    0        259        1
14.16919   0  39 12.0    1        171        1
15.85613   0  34 12.0    1        106        1
15.96025   0  48 12.0    0        772        1
12.10002   0  34 13.3    0        396        1
16.79970   0  49  9.0    0        291        1
15.63983   1  48 10.00    0        453        1
12.59220   0  49 12.00    0        264        1
14.65047   0  47 12.00    0        225        0
12.63329   0  39 12.50    0        251        1
12.00202   0  34 12.10    1        162        1
12.54402   1  35 14.00    0        239        1
15.42840   0  39 11.75    0        397        1
15.33680   0  38 12.00    1        170        1
14.67410   1  46 14.00    0        532        1
12.52720   1  29 12.00    1        133        1
15.11220   1  45 12.00    0        372        1
14.37990   0  35 12.70    0        327        1
14.28764   1  51 10.00    0        193        1
13.83051   0  45 11.00    0        214        0
14.96788   0  44 13.00    1        122        1
14.74920   1  47 11.00    1        124        1
15.93786   0  44 12.00    0        315        1
13.62634   0  35 11.00    0        234        1
14.69173   1  39 12.00    0        194        1
15.29629   1  44 12.00    0        454        1
14.12246   1  35 12.00    0        329        1
13.80039   0  46 12.00    0        395        1
16.91711   0  45 12.00    1        163        0
15.32300   0  41 12.00    0        472        1
16.75172   0  45 13.00    0        385        1
12.82900   1  37 12.00    1        149        0
14.79550   1  50 14.00    0        580        1
13.02075   1  57 11.00    0        639        0
13.23786   0  35 12.00    0        370        1
12.41354   0  43 12.00    0        363        1
12.95424   0  41 13.50    0        354        1
13.75156   0  39 10.00    1        115        1
15.01151   0  39 13.00    0        466        1
13.89918   0  41 13.70    0        311        1
16.46703   1  51 13.50    0        290        1
17.45741   0  56 12.50    0        922        0
13.37960   1  46 11.00    0        479        1
14.15981   1  50 12.00    0        333        1
14.64716   1  50 11.00    0       1461        1
13.51411   1  42 11.00    0        738        1
14.11761   0  34 12.00    0        231        0
16.85884   0  55 12.00    0       1113        1
11.84319   1  34 12.00    1         73        1
15.26006   0  42 12.00    0        252        1
16.55167   0  48 13.00    0        344        1
15.86171   0  39 11.00    0        255        1
14.42225   1  43 12.0    0        190        1
10.84881   0  28 10.0    1        147        1
16.24365   1  53 12.0    0        492        1
16.09971   0  56 12.5    0        392        0
13.77502   1  35 12.0    1         64        1
15.47759   0  43 12.0    1        148        1
13.57653   0  40 12.0    1        155        1
14.00902   0  40  9.0    1         47        0
15.20464   1  48 12.0    1        150        1
16.87277   1  47 12.0    0        282        1
12.21761   1  45 12.1    0        422        0
15.79845   0  35 12.0    0        251        1
16.40125   0  46 12.0    0        686        1
12.89156   0  34 12.3    0        184        1
14.25152   0  46 12.0    1         62        1
15.40010   0  41 12.3    0        203        1
15.08936   1  50 12.0    1        142        1
16.15813   0  44 13.0    1         69        1
18.20543   0  53 12.0    0        670        1
14.07988   0  41 12.0    0        337        1
13.39294   1  34 12.0    1        171        1
15.42477   1  44 12.0    1        123        1
14.95603   1  47 12.0    0        250        1
13.85544   1  42 11.0    0        233        1
16.46300   1  54 12.0    0       1393        0
17.07865   0  47 11.0    1        129        1
15.28500   1  48 12.0    0        501        1
13.76934   0  41  9.0    0        524        1
14.36507   1  46 12.1    0       1125        1
13.44432   1  42 14.0    0        285        1
14.81916   0  47 12.0    0        492        0
13.19869   0  34 13.5    0        218        1
15.33430   1  51 11.0    0        649        1
17.42935   0  45 12.0    0        469        1
14.40971   1  41 14.0    1        164        1
12.69844   1  51 12.0    0        720        0
17.20835   1  47 12.0    0        713        1
13.22378   1  46 12.0    0        215        1
13.40237   1  35 12.0    0        250        1
14.90186   1  45 12.0    0        306        1
15.30297   0  40 12.0    0        549        1
14.44488   0  45 12.0    0        549        0
15.55955   0  42 12.0    0        355        0
13.59624   0  38 11.5    0        237        1
12.93567   1  38 12.0    1        179        1
15.77850   0  46 10.0    0        338        0
14.72815   1  38 12.0    0        362        1
15.14330   1  37 12.0    1        158        1
13.97265   1  46 12.0    0        517        1
15.10714   1  51 12.0    0        733        1
16.03043   0  42 12.0    0        446        1
14.34793   0  48 12.0    0        420        1
15.23829   1  47 13.7    1        125        1
12.64996   1  42 12.0    0        517        0
16.50301   0  44 12.0    0        614        1
14.76029   1  37 12.0    0        191        1
14.17586   1  44 11.0    0        542        1
13.46608   1  49 11.0    0        553        1
13.89579   1  38 11.0    0        417        1
14.73418   1  43 13.0    1        175        1
15.09163   1  38 12.5    0        207        1
13.47103   0  34 13.0    0        329        1
15.14183   0  43 12.0    0        271        1
13.15326   1  44 13.0    0        354        1
14.12209   0  34 10.0    0        220        1
13.79688   0  37 11.0    0        285        1
15.33815   0  40 12.0    1        142        1
16.10328   0  47 13.0    1         81        1
13.21854   0  34 12.0    1        178        1
15.76633   1  58 12.0    1        182        1
13.88586   0  36 12.0    1         87        1
15.93694   0  45 14.0    0        355        1
17.52719   0  41 12.0    1         94        0
13.72719   1  37 13.0    1        139        1
12.94972   1  39 12.0    0        349        1
13.33837   0  56 12.0    1         93        0
15.07884   0  47 12.0    0        330        1
14.44896   1  47  9.0    0        393        1
14.68205   1  42 10.0    1         66        1
15.88395   1  56 12.0    1        174        0
14.32229   1  55 12.0    0        237        1
13.33480   0  29 13.5    1        166        1
13.87257   1  45 12.0    0        188        0
15.56688   1  42 12.0    0        338        1
17.77383   0  50 10.0    0        414        0
13.71375   1  53 12.0    1        177        0
16.18161   1  52 12.0    0        330        1
15.56070   1  53 12.0    0        854        1
13.68645   0  41 12.0    1         72        0
16.50679   0  44 12.0    1         75        0
11.64986   1  40 12.0    0        298        1
15.61001   0  52 16.0    0        864        1
12.28211   1  38 14.0    0        323        1
13.19092   1  34 12.0    1        105        1
13.30923   1  50 12.0    0        662        1
16.03144   1  49 12.0    0       1122        1
14.34066   1  41 12.0    0        419        1
13.06168   1  34 11.0    1         39        0
12.34295   1  34 13.0    1        143        1
15.82867   1  58 12.1    0       1266        1
14.49017   0  50 14.5    0        793        1
15.70276   0  45 12.0    0       1013        0
16.07946   0  57 12.0    0        496        0
13.71936   1  58 10.0    0       2054        1
16.56595   0  43 14.0    0        234        1
14.77420   0  54 12.0    0       1073        0
14.88875   1  49 12.0    0        535        1
15.01076   0  37 12.0    1        168        1
15.40779   1  52 12.5    0        373        0
13.10408   1  34 12.0    0        430        1
15.74922   0  44 12.0    0        613        0
15.21082   1  49 12.0    0       1216        1
13.85033   1  46 12.0    0        328        1
14.63894   0  44 12.0    1        163        1
14.62426   0  46 12.1    0       1141        1
13.32324   0  34 12.0    1         63        1
10.97103   0  37 12.0    0        439        1
15.45407   0  40 12.0    1         92        1
13.70450   1  51 12.0    0        670        1
15.35089   0  46 12.0    0        478        1
17.46238   0  46 11.0    0        214        1
16.01220   1  51 12.0    0        701        1
12.71566   0  36 12.0    0        216        1
15.72649   0  44 12.0    0        309        1
16.92504   0  56 13.0    0        933        1
15.68820   1  49 12.0    0        499        1
13.36400   1  42 14.0    0        407        1
16.83020   1  53 12.0    0        403        1
16.10059   0  39 12.0    0        746        1
17.39293   0  48 12.0    0       1563        1
12.55658   1  36 12.0    0       1184        1
14.32085   1  35 10.0    1        138        1
14.78110   0  47  8.0    0        251        1
15.53504   0  46 12.0    0        820        0
10.78349   1  25 10.0    1         72        1
15.67495   0  42 12.0    0        863        1
13.35065   1  45 12.0    0       1247        1
13.20128   1  40 12.0    0        221        1
13.95229   1  42 12.0    1         75        1
13.87226   1  44 12.5    1        152        1
14.14193   1  39 12.0    1         92        1
12.10401   1  36 12.3    1        166        1
14.66354   1  42 12.0    0        230        1
12.84473   1  44 11.0    0        416        1
15.60864   0  37 12.1    0        802        1
13.92688   0  39 11.5    1         58        0
16.33506   0  51 14.0    0        483        1
14.13049   0  49 12.0    0        673        1
14.38073   1  49 12.0    0        219        1
13.06464   1  35 12.0    0        408        1
16.57985   0  52  8.0    1         95        0
14.80047   0  51 13.0    0        291        1
14.53341   0  34 12.0    1        167        1
15.31830   1  48 14.0    1         75        1
14.11566   1  34 12.0    1         86        1
14.65788   0  48 13.0    1         93        1
16.30223   0  38 12.0    1        113        1
13.29815   1  39 12.0    0        220        1
14.38550   0  34 12.0    1        110        1
14.11673   1  40 12.0    0        344        1
15.82707   0  41 10.0    0        198        1
13.14104   1  53 12.0    0        590        1
17.34920   0  54 12.0    0        735        0
16.15618   0  50 12.0    1        104        0
14.13743   1  42 12.0    0        269        1
15.63472   0  42 12.0    0        216        1
16.96074   0  47 11.0    1        106        0
15.42268   1  46 12.0    0        334        1
14.42570   1  52 12.0    0        261        1
13.54885   0  36 14.5    1        105        1
13.63496   0  43 12.0    0        264        1
17.69594   0  61 13.0    0        430        0
13.13886   1  40 16.0    1        126        1
14.91586   1  41 12.0    0        319        1
14.18035   1  43 12.0    0        287        1
15.66728   0  53 13.0    1        160        0
13.01710   1  40 12.0    0        195        1
12.68857   1  34 12.0    1        130        1
13.39128   1  34 12.0    1         74        1
13.32120   0  39 10.0    0        234        0
15.16790   1  46 11.0    0        368        1
13.23113   1  29 12.0    1        169        1
15.66806   0  37 12.0    0        217        1
13.96471   0  53 12.0    1        171        1
14.11983   1  36 12.0    0        228        1
13.28924   0  34 12.0    0        632        1
15.22000   0  52 12.0    0        699        0
14.27919   1  44 15.5    1         61        1
15.01482   0  43 12.0    1        147        1
16.17027   0  53 12.0    0       1851        0
13.78203   0  38 12.0    0        252        1
13.94473   0  35 10.0    1        107        1
14.50122   1  37 14.0    1         84        1
16.00031   0  46 12.5    0        301        1
